; wireshark captured example:
; 00 00 03 04 00 06 00 00 00 00 00 00 00 00 08 00 45 00 00 47 cf 86 00 00 40 11 ad 1d 7f 00 00 01 7f 00 00 01 c9 c2 00 35 00 33 fe 46 0a dd 01 20 00 01 00 00 00 00 00 01 03 77 77 77 06 67 6f 6f 67 6c 65 03 63 6f 6d 00 00 01 00 01 00 00 29 10 00 00 00 00 00 00 00


; RESPONSE

; 0000   00 00 03 04 00 06 00 00 00 00 00 00 00 00 08 00  ................
; 0010   45 00 00 e2 6f c7 00 00 40 11 0c 42 7f 00 00 01  E...o...@..B....
; 0020   7f 00 00 01 00 35 97 41 00 ce fe e1 00 00 80 80  .....5.A........
; 0030   00 01 00 01 00 04 00 04 03 57 57 57 06 47 4f 4f  .........WWW.GOO
; 0040   47 4c 45 03 43 4f 4d 00 00 01 00 01 03 57 57 57  GLE.COM......WWW
; 0050   06 67 6f 6f 67 6c 65 03 63 6f 6d 00 00 01 00 01  .google.com.....
; 0060   00 00 00 7f 00 04 d8 3a c2 c4 c0 24 00 02 00 01  .......:...$....
; 0070   00 02 8c 3f 00 06 03 6e 73 33 c0 24 c0 24 00 02  ...?...ns3.$.$..
; 0080   00 01 00 02 8c 3f 00 06 03 6e 73 32 c0 24 c0 24  .....?...ns2.$.$
; 0090   00 02 00 01 00 02 8c 3f 00 06 03 6e 73 31 c0 24  .......?...ns1.$
; 00a0   c0 24 00 02 00 01 00 02 8c 3f 00 06 03 6e 73 34  .$.......?...ns4
; 00b0   c0 24 c0 6e 00 01 00 01 00 02 8c 3f 00 04 d8 ef  .$.n.......?....
; 00c0   20 0a c0 5c 00 01 00 01 00 02 8c 3f 00 04 d8 ef   ..\.......?....
; 00d0   22 0a c0 4a 00 01 00 01 00 02 8c 3f 00 04 d8 ef  "..J.......?....
; 00e0   24 0a c0 80 00 01 00 01 00 02 8c 3f 00 04 d8 ef  $..........?....
; 00f0   26 0a                                            &.

; DIG:
; 0000   00 00 03 04 00 06 00 00 00 00 00 00 00 00 08 00
; 0010   45 00 00 47 f6 ca 00 00 40 11 85 d9 7f 00 00 01
; 0020   7f 00 00 01 bb 19 00 35 00 33 fe 46 51 87 01 20
; 0030   00 01 00 00 00 00 00 01 03 77 77 77 06 67 6f 6f
; 0040   67 6c 65 03 63 6f 6d 00 00 01 00 01 00 00 29 10
; 0050   00 00 00 00 00 00 00

; 0000   00 00 03 04 00 06 00 00 00 00 00 00 00 00 08 00  ................
; 0010   45 00 00 47 2c 7e 00 00 40 11 50 26 7f 00 00 01  E..G,~..@.P&....
; 0020   7f 00 00 01 a1 d3 00 35 00 33 fe 46 40 d3 01 20  .......5.3.F@..
; 0030   00 01 00 00 00 00 00 01 03 77 77 77 06 67 6f 6f  .........www.goo
; 0040   67 6c 65 03 63 6f 6d 00 00 01 00 01 00 00 29 10  gle.com.......).
; 0050   00 00 00 00 00 00 00                             .......

; PROGRAM

; 0000   00 00 03 04 00 06 00 00 00 00 00 00 00 00 08 00  ................
; 0010   45 00 00 3f 1b cc 40 00 40 11 20 e0 7f 00 00 01  E..?..@.@. .....
; 0020   7f 00 00 01 9e 9c 00 35 00 2b fe 3e 00 00 00 00  .......5.+.>....
; 0030   00 01 00 00 00 00 00 00 00 03 57 57 57 00 06 47  ..........WWW..G
; 0040   4f 4f 47 4c 45 00 03 43 4f 4d 00 00 01 00 01     OOGLE..COM.....

; WHAT WE THINK WE SEND
; [0 0 0 0 0 1 0 0 0 0 0 0 0 3 87 87 87 0 6 71 79 79 71 76 69 0 3 67 79 77 0 0 1 0 1]

; WHAT WE ACTUALLY SEND
; [0 0 3 4 0 6 0 0 0 0 0 0 0 0 8 0 69 0 0 63 27 204 64 0 64 17 32 224 127 0 0 1 127 0 0 1 158 156 0 53 0 43 254 62
;  0 0 0 0 0 1 0 0 0 0 0 0 0 3 87 87 87 0 6 71 79 79 71 76 69 0 3 67 79 77 0 0 1 0 1]

; WHAT DIG SENDS
; [0 0 3 4 0 6 0 0 0 0 0 0 0 0 8 0 69 0 0 71 246 202 0 0 64 17 133 217 127 0 0 1 127 0 0 1 187 25 0 53 0 51 254 70 81 135 1 32 0 1 0 0 0 0 0 1 3 119 119 119 6 103 111 111 103 108 101 3 99 111 109 0 0 1 0 1 0 0 41 16 0 0 0 0 0 0 0]


; 0000   00 00 03 04 00 06 00 00 00 00 00 00 00 00 08 00  ................
; 0010   45 00 00 47 b8 1d 00 00 40 11 c4 86 7f 00 00 01  E..G....@.......
; 0020   7f 00 00 01 96 b1 00 35 00 33 fe 46 75 c9 01 20  .......5.3.Fu..
; 0030   00 01 00 00 00 00 00 01 03 57 57 57 06 47 4f 4f  .........WWW.GOO
; 0040   47 4c 45 03 43 4f 4d 00 00 01 00 01 00 00 29 10  GLE.COM.......).
; 0050   00 00 00 00 00 00 00                             .......

[0x00 0x00 0x03 0x04 0x00 0x06 0x00 0x00 0x00 0x00 0x00 0x00 0x00 0x00 0x08 0x00 0x45 0x00 0x00 0x3f 0x1b 0xcc 0x40 0x00 0x40 0x11 0x20 0xe0 0x7f 0x00 0x00 0x01 0x7f 0x00 0x00 0x01 0x9e 0x9c 0x00 0x35 0x00 0x2b 0xfe 0x3e 0x00 0x00 0x00 0x00 0x00 0x01 0x00 0x00 0x00 0x00 0x00 0x00 0x00 0x03 0x57 0x57 0x57 0x00 0x06 0x47 0x4f 0x4f 0x47 0x4c 0x45 0x00 0x03 0x43 0x4f 0x4d 0x00 0x00 0x01 0x00 0x01]

; DIG:
; [0 0 3 4 0 6 0 0 0 0 0 0 0 0 8 0 69 0 0 71 246 202 0 0 64 17 133 217 127 0 0 1 127 0 0 1 187 25 0 53 0 51 254 70 81 135 1 32 0 1 0 0 0 0 0 1 3 119 119 119 6 103 111 111 103 108 101 3 99 111 109 0 0 1 0 1 0 0 41 16 0 0 0 0 0 0 0]

; PROGRAM:
; [0 0 3 4 0 6 0 0 0 0 0 0 0 0 8 0 69 0 0 63 214 26 64 0 64 17 102 145 127 0 0 1 127 0 0 1 133 106 0 53 0 43 254 62 0 154 0 0 0 1 0 0 0 0 0 0 0 3 87 87 87 0 6 71 79 79 71 76 69 0 3 67 79 77 0 0 1 0 1]

; [0x00 0x00 0x03 0x04 0x00 0x06 0x00 0x00 0x00 0x00 0x00 0x00 0x00 0x00 0x08 0x00 0x45 0x00 0x00 0x47 0xf6 0xca 0x00 0x00 0x40 0x11 0x85 0xd9 0x7f 0x00 0x00 0x01 0x7f 0x00 0x00 0x01 0xbb 0x19 0x00 0x35 0x00 0x33 0xfe 0x46 0x51 0x87 0x01 0x20 0x00 0x01 0x00 0x00 0x00 0x00 0x00 0x01 0x03 0x77 0x77 0x77 0x06 0x67 0x6f 0x6f 0x67 0x6c 0x65 0x03 0x63 0x6f 0x6d 0x00 0x00 0x01 0x00 0x01 0x00 0x00 0x29 0x10 0x00 0x00 0x00 0x00 0x00 0x00 0x00]


; 0x00 0x00 0x03 0x04 0x00 0x06 0x00 0x00 0x00 0x00 0x00 0x00 0x00 0x00 0x08 0x00 0x45 0x00 0x00 0x3f 0xd6 0x1a 0x40 0x00 0x40 0x11 0x66 0x91 0x7f 0x00 0x00 0x01 0x7f 0x00 0x00 0x01 0x85 0x6a 0x00 0x35 0x00 0x2b 0xfe 0x3e 0x00 0x9a 0x00 0x00 0x00 0x01 0x00 0x00 0x00 0x00 0x00 0x00 0x00 0x03 0x57 0x57 0x57 0x00 0x06 0x47 0x4f 0x4f 0x47 0x4c 0x45 0x00 0x03 0x43 0x4f 0x4d 0x00 0x00 0x01 0x00 0x01

; x00 x00 03 04 00 06 00 00 00 00 00 00 00 00 08 00 45 00 00 3f 7f fb 40 00 40 11 bc b0 7f 00 00 01 7f 00 00 01 c0 95 00 35 00 2b fe 3e 00 73 00 00 00 01 00 00 00 00 00 00 00 03 57 57 57 00 06 47 4f 4f 47 4c450003434f4d0000010001


; 0 -102 -128 -128 0 1 0 0 0 4 0 4 3 87 87 87 6 71 79 79 71 76 69 3 67 79 77 0 0 1 0 1 6 103 111 111 103 108 101 3 99 111 109 0 0 2 0 1 0 2 -106 81 0 6 3 110 115 51 -64 32 -64 32 0 2 0 1 0 2 -106 81 0 6 3 110 115 49 -64 32 -64 32 0 2 0 1 0 2 -106 81 0 6 3 110 115 52 -64 32 -64 32 0 2 0 1 0 2 -106 81 0 6 3 110 115 50 -64 32 -64 72 0 1 0 1 0 2 -106 81 0 4 -40 -17 32 10 -64 108 0 1 0 1 0 2 -106 81 0 4 -40 -17 34 10 -64 54 0 1 0 1 0 2 -106 81 0 4 -40 -17 36 10 -64 90 0 1 0 1 0 2 -106 81 0 4 -40 -17 38 10 0 0 0 0 0 0 0 0 0 0 0 0 0 0 0 0 0 0 0 0 0 0 0 0 0 0 0 0 0 0 0 0 0 0 0 0 0 0 0 0 0 0 0 0 0 0 0 0 0 0 0 0 0 0 0 0 0 0 0 0 0 0 0 0 0 0 0 0 0 0 0 0 0 0 0 0 0 0 0 0 0 0 0 0 0 0 0 0 0 0 0 0 0 0 0 0 0 0 0 0 0 0 0 0 0 0 0 0 0 0 0 0 0 0 0 0 0 0 0 0 0 0 0 0 0 0 0 0 0 0 0 0 0 0 0 0 0 0 0 0 0 0 0 0 0 0 0 0 0 0 0 0 0 0 0 0 0 0 0 0 0 0 0 0 0 0 0 0 0 0 0 0 0 0 0 0 0 0 0 0 0 0 0 0 0 0 0 0 0 0 0 0 0 0 0 0 0 0 0 0 0 0 0 0 0 0 0 0 0 0 0 0 0 0 0 0 0 0 0 0 0 0 0 0 0 0 0 0 0 0 0 0 0 0 0 0 0 0 0 0 0 0 0 0 0 0 0 0 0 0 0 0 0 0 0 0 0 0 0 0 0 0 0 0 0 0 0 0 0 0 0 0 0 0 0 0 0 0 0 0 0 0 0 0 0 0 0 0 0 0 0 0 0 0 0 0 0 0 0 0 0 0 0 0 0 0 0 0 0 0 0 0 0 0 0 0 0 0 0 0 0 0 0 0 0 0 0 0 0 0 0 0 0 0